lon, lat
18.1549076,59.3207673
18.4922522,59.1822940
18.6185628,59.2238111
18.5659010,59.2077557
18.6135129,59.2178016
18.0150650,58.8569614
18.4522968,59.3617991
18.4150892,59.3585840
18.3763635,59.3629226
18.3105313,59.3664653
18.2687318,59.3656343
18.2590061,59.3639859
18.1764136,59.3322815
18.8102374,59.3133074
18.8108168,59.3182952
18.7472377,59.3169703
18.7590716,59.3049249
18.7446213,59.3696715
18.6057853,59.3697915
18.4299884,59.1317014
18.4223451,59.1284260
18.4075759,59.1244125
18.4264265,59.1206518
18.7151269,59.2964034
18.6654999,59.2478587
18.5546952,59.1555416
18.4640525,59.1429950
18.4390356,59.1401405
18.7104698,59.2867321
18.4098504,59.1133937
18.3971260,59.1141482
18.2985709,59.0734131
18.2463722,59.0119345
18.2579569,59.0028929
18.1863258,58.9782316
18.3670850,59.1103886
18.3728788,59.1066132
18.3490608,59.0936875
18.0828140,58.9066752
18.0244386,58.8973146
17.9454345,58.7920270
18.0523883,58.7750031
18.5682658,58.9629711
17.8474313,58.7648010
17.8642541,58.7787736
17.8493196,58.7806422
17.8682023,58.7938079
17.8341858,58.7902783
17.7796038,58.7893454
17.7768785,58.8019895
17.7487576,58.7978147
17.6982916,58.7829709
17.7092439,58.7885600
17.7399950,58.8240057
17.7288133,58.8249234
17.7554483,58.8312271
17.7238351,58.8420694
17.7161333,58.8791667
17.7135354,58.9057816
17.7247792,58.9642216
17.7126342,59.0070751
17.6849538,59.0545761
17.6613718,59.0964246
17.6783341,59.0998078
17.6855117,59.1058679
17.6841169,59.1271802
17.6690644,59.1606088
17.9594986,58.8961102
17.9777762,58.9180581
18.2091557,59.3345855
18.4201333,59.1338333
17.9283230,58.8779498
17.9468014,58.8893050
18.3892139,59.3270721
17.9325873,59.3040081
18.1513264,59.3034641
17.6063813,59.2841618
